1209 77 167 37 ---> Invoice
1052 239 93 21 ---> Invoice
1155 239 110 21 ---> Number:
1336 238 73 21 ---> 10328
1052 289 93 21 ---> Invoice
1155 289 66 21 ---> Date:
1334 288 137 21 ---> 03/12/2017
1052 339 114 26 ---> Payment
1174 339 90 21 ---> Terms:
1335 338 54 21 ---> NET
1398 338 28 21 ---> 30
101 372 94 21 ---> s°'d"°
1052 389 50 21 ---> Due
1112 389 65 21 ---> Date:
1334 388 137 21 ---> 04/11/2017
100 421 88 21 ---> ZTEST
197 421 157 21 ---> CUSTOMER
101 455 75 21 ---> 77359
187 455 23 20 ---> N:
221 455 65 21 ---> 75TH
297 454 109 22 ---> STREET
1052 439 84 26 ---> Buyer"
1334 438 42 21 ---> J'M
1386 438 129 21 ---> JACKSON
1051 488 128 27 ---> Currency:
1335 488 56 21 ---> USD
102 521 52 21 ---> LOS
163 521 130 21 ---> ANGELES
303 521 38 21 ---> CA
357 521 75 21 ---> 90312
62 639 54 20 ---> Line
160 639 105 20 ---> Ordered
292 639 106 26 ---> Shipped
429 639 103 20 ---> Balance
569 639 53 20 ---> Item
633 639 119 20 ---> Number]
769 639 149 26 ---> Description
1401 639 65 20 ---> Price
1527 639 121 20 ---> Extended
104 712 8 20 ---> 1
254 712 8 20 ---> 1
379 712 8 20 ---> 1
511 712 13 21 ---> 0
568 711 110 22 ---> SAMPLE
688 711 87 22 ---> SALES
786 712 63 20 ---> ITEM
1383 712 83 21 ---> 500100
1567 712 82 21 ---> 500.00
102 795 13 21 ---> 2
254 795 8 21 ---> 1
379 795 8 21 ---> 1
511 795 13 21 ---> 0
567 795 134 21 ---> ANOTHER
711 795 111 21 ---> SAMPLE
1382 795 84 21 ---> 250.00
1566 795 83 21 ---> 250.00
568 826 87 22 ---> SALES
665 826 98 22 ---> ORDER
774 827 63 20 ---> ITEM
1184 1012 51 22 ---> Sub
1244 1013 73 21 ---> Total:
1566 1012 83 21 ---> 750.00
1184 1062 125 26 ---> Shipping:
1597 1062 52 21 ---> 0.00
1184 1112 71 22 ---> Sales
1264 1113 54 21 ---> Tax:
1597 1112 52 21 ---> 0.00
1185 1163 93 21 ---> Invoice
1287 1163 73 21 ---> Total:
1566 1162 83 21 ---> 750.00
51 1196 116 27 ---> Shipping
178 1196 50 21 ---> Doc
284 1196 107 27 ---> Shipped
468 1196 90 21 ---> Carrier
734 1196 113 27 ---> Tracking
1527 2131 62 27 ---> Page
1600 2131 8 21 ---> 1
1621 2131 24 21 ---> of
1654 2131 8 21 ---> 1
